"TOA5","2833","CR3000","2833","CR3000.Std.27","CPU:Institut-EC-Station_5.CR3","23581","Table3"
"TIMESTAMP","RECORD","BattV_Avg","PTemp_C_Avg","soiltemp_Avg","VWC_1_Avg","SR01_Out_Avg","SR01_In_Avg","IR01_Out_Avg","IR01_In_Avg","NR01_TC_Avg","NR01_TK_Avg","NetRs_Avg","NetRl_Avg","Albedo_Avg","OutTot_Avg","InTot_Avg","NetTot_Avg","IR01_OutCo_Avg","IR01_InCo_Avg","H_Flux_Avg"
"TS","RN","Volts","Deg C","Deg C","","W/metre^2","W/metre^2","W/metre^2","W/metre^2","Deg C","k","W/metre^2","W/metre^2","W/metre^2","W/metre62","W/metre^2","W/metre^2","W/metre^2","W/metre^2","W/m^2"
"","","Avg","Avg","Avg","Avg","Avg","Avg","Avg","Avg","Avg","Avg","Avg","Avg","Avg","Avg","Avg","Avg","Avg","Avg","Avg"
"2015-07-29 08:10:00",0,11.82,18.2,16.98,0.311,162.3,674.2,5.81,-40,18.33,291.5,512,-45.81,0.241,168.1,634.2,466.1,415.1,369.3,-6.684317
"2015-07-29 08:20:00",1,13.29,19.02,16.98,0.311,171.7,715.3,5.525,-40.73,19.3,292.5,543.7,-46.26,0.24,177.2,674.6,497.4,420.3,374,-6.103564
"2015-07-29 08:30:00",2,13.28,19.71,16.99,0.311,175.4,738.3,3.185,-44.67,20.34,293.5,562.8,-47.85,0.238,178.6,693.6,515,423.9,376,-5.485271
"2015-07-29 08:40:00",3,13.27,20.35,17.01,0.31,179.5,759.2,-0.407,-48.57,21.24,294.4,579.7,-48.16,0.236,179.1,710.6,531.6,425.5,377.3,-4.977813
"2015-07-29 08:50:00",4,13.25,20.94,17.02,0.309,204.9,870,-0.753,-47.76,22.42,295.6,665.3,-47,0.235,204.1,822,618.3,432,385,-4.151704
"2015-07-29 09:00:00",5,13.24,21.66,17.04,0.308,176.3,768,-3.123,-48.44,23,296.1,591.7,-45.32,0.228,173.2,719.5,546.4,433,387.7,-3.162799
"2015-07-29 09:10:00",6,13.23,22.24,17.06,0.307,154.5,682.6,-5.654,-54.39,22.9,296,528.1,-48.74,0.226,148.9,628.2,479.4,429.9,381.2,-2.154526
"2015-07-29 09:20:00",7,13.21,22.62,17.09,0.307,184.5,808,-3.004,-60.83,23.61,296.8,623.6,-57.83,0.228,181.5,747.3,565.8,436.7,378.9,-1.656545
"2015-07-29 09:30:00",8,13.2,23.07,17.12,0.305,237.4,1032,-1.233,-62.15,24.59,297.7,794.5,-60.91,0.23,236.2,970,733.6,444.4,383.4,-0.8164622
"2015-07-29 09:40:00",9,13.19,23.64,17.15,0.304,116,527.3,-11.57,-53.95,24.69,297.8,411.4,-42.37,0.219,104.4,473.4,369,434.6,392.2,-0.169024
"2015-07-29 09:50:00",10,13.18,23.93,17.18,0.304,145.6,638.9,-5.961,-50.23,23.64,296.8,493.3,-44.27,0.226,139.6,588.6,449,433.9,389.7,0.4629959
"2015-07-29 10:00:00",11,13.18,24.16,17.22,0.302,179.9,798,-3.683,-64.25,24.19,297.3,618.1,-60.57,0.223,176.3,733.8,557.5,439.5,378.9,1.38793
"2015-07-29 10:10:00",12,13.17,24.46,17.26,0.301,144.1,650.6,-4.766,-56.83,24.54,297.7,506.5,-52.06,0.221,139.3,593.8,454.5,440.5,388.5,2.394782
"2015-07-29 10:20:00",13,13.16,24.76,17.3,0.3,153.9,682.2,-6.187,-57.59,24.48,297.6,528.3,-51.4,0.223,147.7,624.7,476.9,438.8,387.4,3.351373
"2015-07-29 10:30:00",14,13.16,25.04,17.35,0.299,134.1,603.7,-6.341,-62.02,24.1,297.3,469.5,-55.67,0.219,127.8,541.6,413.9,436.3,380.7,3.84498
"2015-07-29 10:40:00",15,13.15,25.12,17.39,0.297,160.4,723.4,-0.968,-72.98,23.79,296.9,563,-72.01,0.219,159.5,650.4,491,439.8,367.8,3.799871
"2015-07-29 10:50:00",16,13.15,25.17,17.44,0.296,178.4,797.2,0.184,-73.63,23.99,297.1,618.9,-73.82,0.223,178.5,723.6,545,442.2,368.4,4.127553
"2015-07-29 11:00:00",17,13.14,25.25,17.48,0.295,127.4,578.9,-6.217,-60.98,23.18,296.3,451.5,-54.76,0.219,121.2,517.9,396.7,431,376.2,4.78505
"2015-07-29 11:10:00",18,13.14,25.19,17.53,0.293,145.6,650.2,0.277,-60.58,22.57,295.7,504.6,-60.85,0.223,145.9,589.6,443.7,433.9,373,5.327806
"2015-07-29 11:20:00",19,13.14,25.09,17.57,0.29,168.2,746.2,0.634,-68.67,22.74,295.9,578,-69.31,0.222,168.8,677.5,508.7,435.3,366,5.479387
"2015-07-29 11:30:00",20,13.14,25.02,17.62,0.279,157,702.2,-0.979,-62.08,22.77,295.9,545.2,-61.1,0.221,156.1,640.2,484.1,433.8,372.7,6.243506
"2015-07-29 11:40:00",21,13.14,24.96,17.67,0.277,161,704.3,-0.204,-47.04,22.46,295.6,543.3,-46.84,0.228,160.8,657.3,496.4,432.7,385.9,7.192999
"2015-07-29 11:50:00",22,13.14,24.92,17.72,0.276,91.9,405.3,-4.724,-39.53,22.04,295.2,313.4,-34.81,0.227,87.2,365.8,278.6,425.8,391,7.090569
"2015-07-29 12:00:00",23,13.14,24.82,17.77,0.275,256.4,1109,9.43,-62.01,22.97,296.1,853,-71.43,0.231,265.8,1047,781.2,445.4,374,7.124379
"2015-07-29 12:10:00",24,13.14,24.89,17.82,0.273,213.3,949,3.272,-62.47,24.45,297.6,735.9,-65.74,0.223,216.6,887,670.1,448,382.3,7.397827
"2015-07-29 12:20:00",25,13.14,25.13,17.87,0.272,44.44,216.3,-10.65,-35.94,22.39,295.5,171.8,-25.28,0.204,33.79,180.3,146.5,421.9,396.6,7.544193
"2015-07-29 12:30:00",26,13.14,24.99,17.91,0.272,27.48,131.9,-7.3,-23.1,20.33,293.5,104.4,-15.8,0.207,20.18,108.8,88.6,413.3,397.5,7.541119
"2015-07-29 12:40:00",27,13.15,24.46,17.95,0.271,23.75,91.3,-2.554,-12.07,18.4,291.5,67.54,-9.52,0.263,21.2,79.22,58.02,407.1,397.6,7.839298
"2015-07-29 12:50:00",28,13.16,23.65,17.99,0.271,47.26,186.1,2.788,-6.023,17.1,290.3,138.8,-8.81,0.254,50.05,180.1,130,405.2,396.4,7.92044
"2015-07-29 13:00:00",29,13.17,22.81,18.03,0.271,36.62,143.2,2.965,-6.658,16.72,289.9,106.6,-9.62,0.256,39.59,136.6,97,403.3,393.6,7.766127
"2015-07-29 13:10:00",30,13.18,22.16,18.07,0.27,25.82,100.7,2.235,-8.16,16.81,290,74.92,-10.39,0.256,28.06,92.6,64.53,403,392.6,7.680487
"2015-07-29 13:20:00",31,13.19,21.74,18.1,0.27,21.73,90.7,2.028,-9,16.78,289.9,68.95,-11.02,0.24,23.76,81.7,57.92,402.7,391.7,7.509737
"2015-07-29 13:30:00",32,13.2,21.41,18.13,0.27,19.81,81.5,0.772,-9.13,16.67,289.8,61.69,-9.91,0.243,20.58,72.36,51.78,400.8,390.9,7.194515
"2015-07-29 13:40:00",33,13.21,21.1,18.15,0.269,33.99,139.9,2.631,-6.599,16.56,289.7,105.9,-9.23,0.243,36.62,133.3,96.6,402,392.8,7.03692
"2015-07-29 13:50:00",34,13.21,20.8,18.17,0.269,56.44,234,6.53,-8.66,16.72,289.9,177.5,-15.19,0.241,62.97,225.3,162.3,406.8,391.6,6.792266
"2015-07-29 14:00:00",35,13.22,20.57,18.19,0.269,60.66,250,6.565,-10.37,17.19,290.3,189.3,-16.93,0.243,67.22,239.6,172.4,409.5,392.5,6.510664
"2015-07-29 14:10:00",36,13.22,20.5,18.2,0.269,75.31,317,6.096,-13.49,17.68,290.8,241.7,-19.59,0.238,81.4,303.5,222.1,411.8,392.2,6.231081
"2015-07-29 14:20:00",37,13.22,20.57,18.22,0.269,55.49,235.5,3.346,-14,18.07,291.2,180.1,-17.35,0.236,58.84,221.5,162.7,411.2,393.8,5.939132
"2015-07-29 14:30:00",38,13.22,20.67,18.23,0.268,45.75,192,2.635,-13.13,17.92,291.1,146.2,-15.77,0.238,48.38,178.8,130.5,409.6,393.9,5.592846
"2015-07-29 14:40:00",39,13.23,20.69,18.24,0.268,32.12,131.4,0.061,-13.95,17.42,290.6,99.3,-14.01,0.245,32.18,117.5,85.3,404.2,390.2,5.403278
"2015-07-29 14:50:00",40,13.23,20.57,18.25,0.268,21.49,88,-0.446,-13.48,16.95,290.1,66.53,-13.04,0.244,21.04,74.53,53.49,401.1,388.1,5.200494
"2015-07-29 15:00:00",41,13.23,20.4,18.26,0.268,24.79,102.2,0.273,-13.23,16.78,289.9,77.41,-13.51,0.243,25.06,89,63.9,400.9,387.4,5.145227
"2015-07-29 15:10:00",42,13.23,20.24,18.28,0.267,21.21,87.7,0.426,-10.98,16.75,289.9,66.54,-11.4,0.242,21.63,76.77,55.13,400.9,389.5,5.095076
"2015-07-29 15:20:00",43,13.24,20.11,18.29,0.267,24.6,99.1,1.391,-9.9,16.7,289.8,74.47,-11.29,0.248,25.99,89.2,63.18,401.6,390.3,5.008025
"2015-07-29 15:30:00",44,13.24,19.98,18.29,0.267,32.68,132.2,2.989,-11.32,16.78,289.9,99.5,-14.31,0.248,35.67,120.9,85.2,403.6,389.3,4.875907
"2015-07-29 15:40:00",45,13.24,19.95,18.3,0.267,35.21,144.9,2.716,-11.36,17.18,290.3,109.7,-14.08,0.243,37.92,133.6,95.6,405.6,391.5,4.683362
"2015-07-29 15:50:00",46,13.24,20.01,18.31,0.266,24.26,100.7,0.588,-10.73,17.4,290.5,76.43,-11.32,0.242,24.85,90,65.12,404.6,393.3,4.484604
"2015-07-29 16:00:00",47,13.24,20.04,18.31,0.266,12.12,50.13,0.38,-8.59,17.06,290.2,38.01,-8.97,0.242,12.5,41.54,29.04,402.6,393.6,4.30734
"2015-07-29 16:10:00",48,13.24,20,18.32,0.268,11.36,45.94,0.849,-7.725,16.76,289.9,34.58,-8.57,0.247,12.21,38.21,26,401.4,392.8,4.120872
"2015-07-29 16:20:00",49,13.24,19.93,18.32,0.268,20.4,81.7,2.524,-8.02,16.56,289.7,61.29,-10.54,0.251,22.92,73.67,50.75,402,391.4,3.654693
"2015-07-29 16:30:00",50,13.24,19.85,18.32,0.266,9.7,37.76,1.951,-6.823,16.54,289.7,28.05,-8.77,0.261,11.66,30.93,19.28,401.3,392.5,3.381135
"2015-07-29 16:40:00",51,13.25,19.77,18.33,0.265,8.97,33.31,1.368,-7.105,16.26,289.4,24.34,-8.47,0.269,10.34,26.21,15.87,399.1,390.6,3.247946
"2015-07-29 16:50:00",52,13.25,19.67,18.33,0.265,10.41,40.57,1.844,-6.593,16.16,289.3,30.17,-8.44,0.259,12.25,33.98,21.73,399.1,390.6,3.036909
"2015-07-29 17:00:00",53,13.25,19.58,18.33,0.265,7.23,27.32,1.494,-7.042,16.15,289.3,20.09,-8.54,0.271,8.72,20.28,11.55,398.7,390.1,2.846369
"2015-07-29 17:10:00",54,13.25,19.49,18.33,0.265,4.122,12.05,-0.25,-6.333,16.05,289.2,7.924,-6.083,0.343,3.872,5.713,1.841,396.4,390.3,2.678364
"2015-07-29 17:20:00",55,13.25,19.35,18.33,0.265,4.779,14.74,-0.645,-5.943,15.93,289.1,9.96,-5.298,0.325,4.133,8.8,4.663,395.3,390,2.424284
"2015-07-29 17:30:00",56,13.26,19.14,18.33,0.264,6.514,20.09,-0.008,-5.639,15.7,288.8,13.58,-5.631,0.33,6.506,14.45,7.945,394.7,389.1,2.163029
"2015-07-29 17:40:00",57,13.26,18.9,18.33,0.265,2.19,2.355,0.603,-3.096,15.4,288.6,0.165,-3.699,-2.778,2.793,-0.741,-3.534,393.7,390,1.963239
"2015-07-29 17:50:00",58,13.27,18.68,18.33,0.266,2.842,7.267,0.58,-2.951,15.03,288.2,4.425,-3.531,0.58,3.422,4.316,0.894,391.6,388.1,1.783951
"2015-07-29 18:00:00",59,13.27,18.45,18.32,0.281,5.027,14.75,1.11,-4.414,14.76,287.9,9.73,-5.524,0.344,6.137,10.34,4.202,390.7,385.2,1.499114
"2015-07-29 18:10:00",60,13.28,18.18,18.31,0.292,7.29,20.38,1.206,-5.517,14.7,287.9,13.09,-6.723,0.356,8.5,14.86,6.367,390.5,383.8,1.222471
"2015-07-29 18:20:00",61,13.28,17.96,18.3,0.296,5.128,14.66,1.529,-5.209,14.44,287.6,9.53,-6.738,0.352,6.657,9.45,2.797,389.4,382.7,0.8566768
"2015-07-29 18:30:00",62,13.29,17.79,18.29,0.298,2.341,5.71,1.714,-6.979,14.12,287.3,3.368,-8.69,0.415,4.055,-1.27,-5.325,387.9,379.2,0.6476424
"2015-07-29 18:40:00",63,13.29,17.62,18.28,0.302,1.29,2.132,1.906,-6.816,13.82,287,0.842,-8.72,0.798,3.196,-4.684,-7.88,386.4,377.7,0.4990602
"2015-07-29 18:50:00",64,13.29,17.42,18.27,0.305,0.932,-0.413,1.89,-5.814,13.68,286.8,-1.345,-7.704,-1.617,2.822,-6.227,-9.05,385.7,378,0.3166546
"2015-07-29 19:00:00",65,13.3,17.24,18.27,0.307,1.015,-0.872,1.79,-5.71,13.66,286.8,-1.886,-7.5,-1.25,2.805,-6.582,-9.39,385.5,378,0.1065782
"2015-07-29 19:10:00",66,13.3,17.08,18.25,0.309,0.629,-0.913,1.921,-5.714,13.63,286.8,-1.542,-7.635,-0.683,2.55,-6.627,-9.18,385.4,377.8,-0.1455243
"2015-07-29 19:20:00",67,13.31,16.95,18.24,0.308,0.611,-0.863,2.098,-5.547,13.61,286.8,-1.474,-7.645,-0.712,2.708,-6.41,-9.12,385.5,377.9,-0.365862
"2015-07-29 19:30:00",68,13.31,16.87,18.23,0.31,0.542,-1.016,2.244,-5.072,13.53,286.7,-1.558,-7.315,-0.545,2.786,-6.088,-8.87,385.2,377.9,-0.5790299
"2015-07-29 19:40:00",69,13.31,16.81,18.22,0.31,0.767,-0.959,2.271,-4.173,13.42,286.6,-1.725,-6.444,-0.829,3.037,-5.132,-8.17,384.7,378.2,-0.7686309
"2015-07-29 19:50:00",70,13.31,16.7,18.2,0.31,1.529,-1.752,1.614,-3.846,13.48,286.6,-3.281,-5.46,-0.884,3.143,-5.598,-8.74,384.3,378.9,-0.9705316
"2015-07-29 20:00:00",71,13.32,16.55,18.19,0.309,1.134,-1.682,1.464,-3.345,13.44,286.6,-2.816,-4.809,-0.675,2.598,-5.027,-7.625,384,379.2,-1.087373
"2015-07-29 20:10:00",72,13.32,16.38,18.18,0.31,1.015,-1.235,1.46,-2.54,13.28,286.4,-2.25,-4,-0.843,2.475,-3.775,-6.25,383.1,379.1,-1.24727
"2015-07-29 20:20:00",73,13.32,16.21,18.16,0.315,0.904,-0.959,1.502,-2.035,13.12,286.3,-1.863,-3.537,-0.949,2.407,-2.993,-5.4,382.3,378.7,-1.376421
"2015-07-29 20:30:00",74,13.33,16.04,18.14,0.318,0.96,-1.252,1.445,-2.291,12.86,286,-2.212,-3.736,-0.778,2.404,-3.543,-5.947,380.8,377.1,-1.540415
"2015-07-29 20:40:00",75,13.33,15.84,18.13,0.319,0.937,-1.417,1.541,-2.614,12.53,285.7,-2.354,-4.155,-0.666,2.477,-4.031,-6.509,379.2,375,-1.729023
"2015-07-29 20:50:00",76,13.33,15.62,18.11,0.32,1.019,-1.269,1.675,-3.037,12.26,285.4,-2.288,-4.713,-0.812,2.695,-4.306,-7,377.9,373.2,-2.029349
"2015-07-29 21:00:00",77,13.34,15.4,18.09,0.322,1.456,-1.578,1.679,-2.967,12.1,285.3,-3.034,-4.646,-0.922,3.135,-4.545,-7.68,377.1,372.4,-2.245667
"2015-07-29 21:10:00",78,13.34,15.18,18.07,0.322,1.676,-1.694,1.522,-2.566,11.96,285.1,-3.37,-4.087,-0.993,3.198,-4.26,-7.457,376.2,372.1,-2.548082
"2015-07-29 21:20:00",79,13.35,14.98,18.05,0.323,1.534,-1.645,1.633,-1.964,11.79,284.9,-3.178,-3.597,-0.933,3.167,-3.609,-6.775,375.4,371.8,-2.849488
"2015-07-29 21:30:00",80,13.35,14.81,18.03,0.323,1.52,-1.859,1.891,-2.053,11.63,284.8,-3.379,-3.944,-0.819,3.41,-3.913,-7.323,374.8,370.9,-3.107826
"2015-07-29 21:40:00",81,13.36,14.65,18.01,0.324,1.511,-1.595,1.771,-2.766,11.47,284.6,-3.106,-4.538,-0.961,3.282,-4.361,-7.644,373.9,369.3,-3.411286
"2015-07-29 21:50:00",82,13.36,14.48,17.98,0.325,1.713,-1.946,1.718,-2.495,11.31,284.5,-3.659,-4.213,-0.882,3.43,-4.442,-7.872,373,368.8,-3.635796
"2015-07-29 22:00:00",83,13.36,14.3,17.96,0.326,1.198,-1.525,1.914,-1.834,11.13,284.3,-2.723,-3.748,-0.793,3.112,-3.359,-6.471,372.2,368.5,-3.939273
"2015-07-29 22:10:00",84,13.37,14.14,17.93,0.326,1.244,-1.504,1.975,-1.452,11.01,284.2,-2.749,-3.427,-0.83,3.22,-2.956,-6.176,371.7,368.3,-4.228404
"2015-07-29 22:20:00",85,13.37,14.01,17.91,0.327,1.088,-1.31,2.39,-2.399,10.87,284,-2.398,-4.789,-0.839,3.479,-3.709,-7.187,371.3,366.5,-4.486804
"2015-07-29 22:30:00",86,13.38,13.91,17.89,0.328,0.951,-1.273,2.851,-1.868,10.76,283.9,-2.223,-4.719,-0.75,3.802,-3.141,-6.943,371.2,366.5,-4.732902
"2015-07-29 22:40:00",87,13.38,13.82,17.86,0.328,0.85,-1.124,3.274,-1.942,10.67,283.8,-1.974,-5.216,-0.751,4.124,-3.066,-7.19,371.2,366,-5.229083
"2015-07-29 22:50:00",88,13.38,13.76,17.84,0.328,0.859,-1.434,3.159,-1.879,10.56,283.7,-2.293,-5.038,-0.618,4.018,-3.313,-7.331,370.5,365.5,-5.799073
"2015-07-29 23:00:00",89,13.38,13.69,17.82,0.328,0.661,-1.252,3.328,-2.083,10.4,283.6,-1.913,-5.411,-0.533,3.989,-3.335,-7.325,369.9,364.5,-6.123019
"2015-07-29 23:10:00",90,13.39,13.62,17.79,0.328,0.556,-1.256,3.305,-2.102,10.23,283.4,-1.812,-5.407,-0.451,3.861,-3.358,-7.219,369,363.6,-6.094374
"2015-07-29 23:20:00",91,13.39,13.54,17.76,0.328,0.813,-0.814,3.655,-2.291,10.15,283.3,-1.627,-5.946,-1.069,4.468,-3.105,-7.573,368.9,362.9,-6.413255
"2015-07-29 23:30:00",92,13.39,13.48,17.74,0.328,0.873,-0.806,3.589,-2.284,10.18,283.3,-1.678,-5.873,-1.091,4.462,-3.09,-7.552,369,363.1,-6.748594
"2015-07-29 23:40:00",93,13.39,13.43,17.7,0.327,0.753,-0.777,3.609,-2.232,10.19,283.3,-1.53,-5.84,-1.017,4.362,-3.009,-7.37,369,363.2,-6.824471
"2015-07-29 23:50:00",94,13.39,13.38,17.68,0.327,0.992,-1.145,3.486,-2.12,10.12,283.3,-2.137,-5.606,-0.876,4.478,-3.265,-7.743,368.6,363,-7.155654
"2015-07-30 00:00:00",95,13.4,13.33,17.65,0.327,0.703,-1.054,3.313,-2.195,10.08,283.2,-1.756,-5.507,-0.669,4.015,-3.248,-7.264,368.2,362.7,-7.532973
"2015-07-30 00:10:00",96,13.4,13.25,17.62,0.326,0.827,-1.153,3.428,-2.21,10.01,283.2,-1.98,-5.638,-0.735,4.255,-3.363,-7.617,367.9,362.3,-7.350542
"2015-07-30 00:20:00",97,13.4,13.2,17.6,0.326,0.643,-1.124,3.413,-2.132,9.9,283.1,-1.767,-5.544,-0.579,4.056,-3.256,-7.311,367.4,361.8,-7.788304
"2015-07-30 00:30:00",98,13.4,13.18,17.58,0.327,0.703,-0.926,3.505,-2.187,9.82,283,-1.628,-5.692,-0.793,4.208,-3.113,-7.321,367.1,361.4,-7.965727
"2015-07-30 00:40:00",99,13.4,13.18,17.56,0.328,0.693,-0.731,3.693,-2.384,9.83,283,-1.425,-6.077,-0.958,4.387,-3.116,-7.502,367.3,361.2,-8.514221
"2015-07-30 00:50:00",100,13.4,13.19,17.54,0.325,0.703,-0.723,3.616,-2.51,9.86,283,-1.426,-6.127,-0.98,4.319,-3.234,-7.553,367.4,361.2,-8.7316
"2015-07-30 01:00:00",101,13.4,13.2,17.51,0.324,0.721,-0.839,3.547,-2.536,9.87,283,-1.56,-6.084,-0.867,4.268,-3.375,-7.643,367.3,361.3,-9.227831
"2015-07-30 01:10:00",102,13.39,13.21,17.49,0.324,0.863,-0.909,3.29,-2.874,9.84,283,-1.773,-6.164,-0.962,4.153,-3.784,-7.937,366.9,360.8,-9.372326
"2015-07-30 01:20:00",103,13.4,13.22,17.46,0.325,0.666,-0.979,3.282,-2.815,9.8,283,-1.645,-6.097,-0.682,3.948,-3.794,-7.742,366.7,360.6,-9.419462
"2015-07-30 01:30:00",104,13.4,13.18,17.44,0.323,0.698,-0.86,3.386,-2.689,9.79,282.9,-1.558,-6.074,-0.823,4.084,-3.548,-7.632,366.8,360.7,-9.639892
"2015-07-30 01:40:00",105,13.4,13.13,17.42,0.323,0.79,-0.843,3.497,-2.778,9.76,282.9,-1.633,-6.275,-0.956,4.287,-3.621,-7.908,366.7,360.5,-9.746607
"2015-07-30 01:50:00",106,13.4,13.1,17.4,0.322,0.712,-0.847,3.332,-3.034,9.78,282.9,-1.559,-6.366,-0.849,4.044,-3.881,-7.925,366.7,360.3,-9.923998
"2015-07-30 02:00:00",107,13.4,13.08,17.38,0.323,0.707,-1.058,3.017,-3.829,9.77,282.9,-1.765,-6.846,-0.675,3.724,-4.887,-8.61,366.3,359.4,-10.28493
"2015-07-30 02:10:00",108,13.4,13.04,17.36,0.322,0.781,-1.203,2.686,-4.635,9.72,282.9,-1.983,-7.321,-0.659,3.467,-5.837,-9.3,365.7,358.4,-10.3361
"2015-07-30 02:20:00",109,13.41,13.01,17.33,0.322,0.726,-1.128,2.59,-4.393,9.64,282.8,-1.854,-6.984,-0.684,3.316,-5.521,-8.84,365.2,358.2,-10.64163
"2015-07-30 02:30:00",110,13.41,12.98,17.31,0.321,0.799,-0.785,3.009,-3.313,9.66,282.8,-1.584,-6.322,-1.068,3.808,-4.098,-7.906,365.7,359.4,-10.80167
"2015-07-30 02:40:00",111,13.41,12.96,17.29,0.321,0.739,-0.818,3.171,-3.372,9.69,282.8,-1.558,-6.543,-0.94,3.91,-4.19,-8.1,366,359.5,-11.06619
"2015-07-30 02:50:00",112,13.41,12.95,17.26,0.321,0.744,-1.459,2.31,-5.678,9.62,282.8,-2.203,-7.988,-0.517,3.054,-7.137,-10.19,364.8,356.8,-11.06514
"2015-07-30 03:00:00",113,13.41,12.9,17.24,0.32,0.827,-1.372,2.352,-4.289,9.51,282.7,-2.199,-6.641,-0.631,3.179,-5.661,-8.84,364.3,357.7,-11.4486
"2015-07-30 03:10:00",114,13.41,12.85,17.22,0.32,0.767,-1.058,2.867,-4.234,9.47,282.6,-1.825,-7.101,-0.734,3.634,-5.292,-8.93,364.6,357.5,-11.78393
"2015-07-30 03:20:00",115,13.41,12.8,17.2,0.32,0.836,-1.508,2.248,-6.18,9.41,282.6,-2.344,-8.43,-0.577,3.084,-7.688,-10.77,363.7,355.2,-11.9347
"2015-07-30 03:30:00",116,13.41,12.75,17.18,0.319,0.781,-1.591,1.572,-6.74,9.27,282.4,-2.372,-8.31,-0.494,2.353,-8.33,-10.68,362.3,354,-12.04748
"2015-07-30 03:40:00",117,13.41,12.67,17.15,0.32,0.868,-0.351,2.256,-4.412,9.23,282.4,-1.219,-6.668,"INF",3.124,-4.763,-7.887,362.8,356.1,-12.11318
"2015-07-30 03:50:00",118,13.41,12.61,17.13,0.319,1.419,1.372,2.487,-5.481,9.29,282.4,-0.047,-7.968,1.092,3.906,-4.109,-8.02,363.3,355.3,-12.0055
"2015-07-30 04:00:00",119,13.42,12.56,17.1,0.318,2.494,4.401,1.226,-7.921,9.21,282.4,1.908,-9.15,0.599,3.72,-3.52,-7.24,361.6,352.5,-12.01377
"2015-07-30 04:10:00",120,13.42,12.48,17.06,0.318,3.339,8.87,2.383,-4.902,9.13,282.3,5.53,-7.285,0.381,5.722,3.967,-1.755,362.4,355.1,-12.29895
"2015-07-30 04:20:00",121,13.42,12.42,17.03,0.318,5.878,18.18,3.716,-3.328,9.23,282.4,12.31,-7.044,0.324,9.59,14.86,5.262,364.2,357.2,-12.58405
"2015-07-30 04:30:00",122,13.42,12.43,17,0.318,6.452,20.99,3.874,-3.717,9.36,282.5,14.54,-7.592,0.307,10.33,17.28,6.951,365.1,357.5,-12.93979
"2015-07-30 04:40:00",123,13.42,12.47,16.98,0.318,5.989,21.79,4.024,-3.32,9.44,282.6,15.8,-7.344,0.275,10.01,18.47,8.46,365.6,358.3,-13.23105
"2015-07-30 04:50:00",124,13.42,12.53,16.96,0.317,9.5,34.39,4.427,-2.978,9.52,282.7,24.89,-7.406,0.276,13.93,31.42,17.49,366.4,359,-13.34991
"2015-07-30 05:00:00",125,13.42,12.59,16.94,0.317,13.11,47.3,4.8,-2.956,9.71,282.9,34.19,-7.756,0.277,17.91,44.34,26.44,367.8,360,-13.34274
"2015-07-30 05:10:00",126,13.42,12.69,16.91,0.317,11.04,40.34,4.378,-2.822,9.9,283.1,29.3,-7.2,0.274,15.42,37.52,22.1,368.3,361.1,-12.83619
"2015-07-30 05:20:00",127,13.41,12.79,16.89,0.317,13.88,52.11,4.385,-2.997,9.92,283.1,38.24,-7.382,0.266,18.26,49.12,30.85,368.4,361,-12.54701
"2015-07-30 05:30:00",128,13.41,12.87,16.87,0.317,16.5,63.51,4.758,-2.949,10.01,283.2,47.01,-7.707,0.26,21.25,60.56,39.31,369.3,361.6,-12.27421
"2015-07-30 05:40:00",129,13.41,12.95,16.85,0.32,21.52,83.9,5.2,-3.134,10.22,283.4,62.4,-8.33,0.256,26.71,80.8,54.06,370.8,362.5,-12.3275
"2015-07-30 05:50:00",130,13.41,13.08,16.83,0.316,26.13,101.6,5.154,-3.22,10.58,283.7,75.43,-8.37,0.257,31.28,98.3,67.06,372.6,364.2,-13.66019
"2015-07-30 06:00:00",131,13.4,13.23,16.8,0.316,22.37,88.2,4.508,-3.42,10.74,283.9,65.81,-7.928,0.254,26.88,84.8,57.88,372.8,364.9,-12.67281
"2015-07-30 06:10:00",132,13.4,13.37,16.77,0.316,25.43,100,4.408,-3.498,10.9,284.1,74.55,-7.906,0.254,29.84,96.5,66.65,373.5,365.6,-11.98482
"2015-07-30 06:20:00",133,13.4,13.52,16.75,0.316,26.01,104.9,4.662,-3.565,11.09,284.2,78.88,-8.23,0.248,30.67,101.3,70.65,374.7,366.5,-11.90057
"2015-07-30 06:30:00",134,13.4,13.67,16.71,0.316,38.71,154.3,5.861,-3.751,11.42,284.6,115.6,-9.61,0.251,44.57,150.6,106,377.7,368.1,-11.98658
"2015-07-30 06:40:00",135,13.39,13.85,16.68,0.316,29.92,120.6,5.35,-3.914,11.59,284.7,90.7,-9.26,0.248,35.27,116.7,81.4,378,368.8,-11.92394
